name: data_one
channels:
  - conda-forge
  - defaults
dependencies:
  - bzip2=1.0.8=h8ffe710_4
  - ca-certificates=2021.10.8=h5b45459_0
  - intel-openmp=2022.0.0=h57928b3_3663
  - libblas=3.9.0=13_win64_mkl
  - libcblas=3.9.0=13_win64_mkl
  - libffi=3.4.2=h8ffe710_5
  - liblapack=3.9.0=13_win64_mkl
  - libzlib=1.2.11=h8ffe710_1014
  - mkl=2022.0.0=h0e2418a_796
  - numpy=1.22.3=py310hcae7c84_0
  - openssl=3.0.2=h8ffe710_1
  - pip=22.0.4=pyhd8ed1ab_0
  - python=3.10.4=hcf16a7b_0_cpython
  - python_abi=3.10=2_cp310
  - setuptools=61.1.1=py310h5588dad_0
  - sqlite=3.37.1=h8ffe710_0
  - tbb=2021.5.0=h2d74725_0
  - tk=8.6.12=h8ffe710_0
  - tzdata=2022a=h191b570_0
  - ucrt=10.0.20348.0=h57928b3_0
  - vc=14.2=hb210afc_6
  - vs2015_runtime=14.29.30037=h902a5da_6
  - wheel=0.37.1=pyhd8ed1ab_0
  - xz=5.2.5=h62dcd97_1
